[["操作系统","4613","王金凤",5,[1,2],[1,3,7,9,11,13,15]],
["生命科学与人类文明","4103","钟天秀,欧阳昆唏",5,[11,13],[1,2,3,4,5,6,7,8,9,10,11]],
["数学与设计","3308","文斌",2,[11,13],[1,2,3,4,5,6,7,8,9,10,11]],
["英语听力Ⅲ","5D602","王世龙",2,[9,10],[1,2,3,4,5,6,7,8,9,10,11,12,13,14,15]],
["英语口语Ⅲ","4701","Callum",5,[7,8],[1,2,3,4,5,6,7,8,9,10,11,12,13,14,15]],
["英语写作Ⅲ","4612","陈喜华",3,[9,10],[1,2,3,4,5,6,7,8,9,10,11,12,13,14,15]],
["英语口语Ⅲ","5D603","陈喜华",4,[3,4],[1,2,3,4,5,6,7,8,9,10,11,12,13,14,15]],
["英语阅读Ⅲ","5D601","魏丹纯",2,[1,2],[1,2,3,4,5,6,7,8,9,10,11,12,13,14,15]],
["离散结构","5B204","黄沛杰",5,[3,4],[1,2,3,4,5,6,7,8,9,10,11,12,13,14,15,16]],
["面向对象程序设计","4404","彭红星",1,[11,12],[1,2,3,4,5,6,7,8,9,10,11,12,13,14,15,16]],
["大学生创新创业基础","4703","林钻辉",2,[3,4],[1,2,3,4,5,6,7,8,9,10,11,12,13,14,15,16]],
["体育Ⅲ","东区足1","田广",1,[3,4],[1,2,3,4,5,6,7,8,9,10,11,12,13,14,15,16]],
["计算机组成原理","4503","万军洲",1,[7,8],[1,2,3,4,5,6,7,8,9,10,11,12,13,14,15,16]],
["毛泽东思想和中国特色社会主义理论体系概论","4207","蔡小婷",2,[7,8],[1,2,3,4,5,6,7,8,9,10,11,12,13,14,15,16]],
["毛泽东思想和中国特色社会主义理论体系概论","4207","蔡小婷",3,[3,4],[1,2,3,4,5,6,7,8,9,10,11,12,13,14,15,16]],
["操作系统","5B303","王金凤",3,[1,2],[1,2,3,4,5,6,7,8,9,10,11,12,13,14,15,16]],
["计算机组成原理","5B605","万军洲",4,[1,2],[1,3,5,7,9,11,13,15]],
["离散结构","4102","黄沛杰",1,[1,2],[1,2,3,4,5,8,9,10,11,12,13,14,15,16]],
["概率论","4304","林利云",1,[9,10],[1,2,3,4,5,6,7,8]],
["概率论","4304","林利云",4,[9,10],[1,2,3,4,5,6,7,8]],
["操作系统","4613","王金凤",5,[9,10],[5]],
["面向对象程序设计","","彭红星",4,[11,12],[6,7,8,9,10,11,12,13]],
["操作系统","","王金凤",3,[7,8],[6,7,8,9,10,11,12,13]],
["计算机组成原理","","万军洲",3,[11,12],[6,7,8,9,10,11,12,13]],
["面向对象程序设计","","彭红星",4,[5,6],[6,7,8,9,10,11,12,13]],
["离散结构","4102","朱梅阶",1,[1,2],[6,7]]]